48823.477419 -5.298 0.249
48823.487014 -5.907 0.132
48823.496759 -5.387 0.236
48824.458206 -5.185 0.111
48824.467697 -5.184 0.093
48824.477639 -5.132 0.094
48825.483183 -5.065 0.086
48825.492847 -5.198 0.078
48825.502824 -5.042 0.086
48826.464630 -4.904 0.157
48826.491319 -5.045 0.119
48828.585961 -5.044 0.084
48828.656701 -5.205 0.068
48829.456285 -4.987 0.067
48829.584769 -5.042 0.19
48829.659965 -4.922 0.099
48832.459769 -5.092 0.102
48832.651250 -4.933 0.097
48833.569375 -4.734 0.189
48834.430926 -4.994 0.088
48834.515544 -5.036 0.067
48834.639225 -5.0 0.05
48835.571053 -4.697 0.163
48835.606296 -5.038 0.098
48836.522002 -5.303 0.447
48836.564236 -5.716 0.169
48841.441516 -4.573 0.271
48841.541134 -5.17 0.055
48841.633623 -5.109 0.058
48842.458345 -5.074 0.25
48842.565046 -5.254 0.068
48842.632581 -5.142 0.063
48843.416875 -5.084 0.235
48843.562419 -5.209 0.092
48843.640150 -5.26 0.065
48845.452292 -5.999 0.259
48845.590255 -5.363 1.095
48849.583600 -4.881 0.161
48849.659977 -4.41 0.335
48850.497442 -5.303 0.139
48851.481181 -4.658 0.285
48851.597650 -4.913 0.157
48853.645799 -5.192 0.082
48854.557338 -5.23 0.051
48855.527002 -5.014 0.059
48855.579722 -5.129 0.05
48856.609769 -5.087 0.054
48882.423356 -5.134 0.069
48884.469873 -5.142 0.061
48885.437280 -5.124 0.043
48887.500475 -5.252 0.107
48888.555648 -5.277 0.056
48892.592604 -5.123 0.06
48894.561655 -5.283 0.083
48895.587106 -5.01 0.047
48896.589398 -4.895 0.06
48908.278576 -5.213 0.043
48914.578090 -5.084 0.103
48915.430718 -4.458 0.264
48916.516921 -5.165 0.063
48917.352616 -5.101 0.047
48919.355104 -5.182 0.047
48919.441273 -5.207 0.075
48919.516227 -5.345 0.074
48920.286863 -5.106 0.074
48923.513403 -5.119 0.049
48927.261887 -5.248 0.066
48928.290602 -5.125 0.055
48929.238299 -5.013 0.098
48929.449583 -5.07 0.046
48930.241771 -5.41 0.113
48931.239676 -5.088 0.077
48931.425579 -5.034 0.058
48933.393738 -5.176 0.059
48935.397870 -5.225 0.149
48937.438310 -5.321 0.102
48938.280475 -5.12 0.06
48939.296157 -5.175 0.056
48939.460255 -5.171 0.071
48941.356863 -5.022 0.067
48941.482870 -5.042 0.074
48947.395671 -5.149 0.094
48947.518785 -5.338 0.09
48948.477627 -5.133 0.043
48949.293924 -5.103 0.039
48964.443623 -5.284 0.101
48965.279294 -5.608 0.118
48965.522917 -5.177 0.064
48966.282199 -5.288 0.083
48974.325278 -5.272 0.126
48984.276250 -5.171 0.051
48984.446505 -4.959 0.096
48985.303611 -5.079 0.053
48985.432188 -5.078 0.042
48985.497512 -5.072 0.049
48987.291701 -5.136 0.03
48987.420023 -5.103 0.044
48987.465058 -5.077 0.041
48988.279826 -5.11 0.059
48988.402917 -5.007 0.065
48988.421447 -4.97 0.069
48988.469595 -5.019 0.05
48989.301412 -4.887 0.075
48989.407870 -4.99 0.188
48996.248657 -5.101 0.061
48996.362870 -5.184 0.066
48996.486991 -4.926 0.115
48998.250903 -5.103 0.04
48998.360602 -5.059 0.051
48998.445995 -4.997 0.075
49000.265278 -4.983 0.07
49000.443947 -5.204 0.296
49001.253808 -5.046 0.043
49001.445475 -4.944 0.072
49002.251262 -5.056 0.045
49003.347350 -5.141 0.052
49003.441377 -4.987 0.063
49004.244248 -5.159 0.045
49006.260463 -5.109 0.032
49006.444317 -4.977 0.084
49007.268877 -4.961 0.102
49007.429444 -5.094 0.049
49010.425671 -5.087 0.035
49011.340336 -5.207 0.086
49011.424340 -5.095 0.131
49014.447141 -4.996 0.087
49015.254190 -5.045 0.057
49015.379907 -4.942 0.065
49016.253032 -4.993 0.072
49016.408102 -5.088 0.064
49018.277998 -5.079 0.039
49018.406007 -5.017 0.045
49020.335648 -5.028 0.09
49020.518391 -4.956 0.089
49021.282940 -4.963 0.066
49021.399201 -5.039 0.054
49024.250046 -4.989 0.178
49025.282280 -4.894 0.095
49025.319271 -4.923 0.077
49025.496713 -5.061 0.148
49029.250660 -4.982 0.086
49031.271181 -5.135 0.094
49032.246528 -4.914 0.09
49032.364306 -4.944 0.086
49033.358588 -4.883 0.084
49035.374618 -4.98 0.073
49036.452396 -4.75 0.122
49037.232407 -4.962 0.047
49037.462963 -4.989 0.065
49040.268785 -4.974 0.059
49042.251181 -4.958 0.049
49043.248750 -4.916 0.052
49043.350012 -5.023 0.064
49044.258819 -5.03 0.077
49044.414271 -4.828 0.154
49045.232731 -4.947 0.05
49045.338785 -4.915 0.054
49046.389850 -4.87 0.198
49048.229363 -5.076 0.098
49048.332280 -4.988 0.072
49049.245069 -4.779 0.154
49049.387176 -4.823 0.11
49050.392720 -4.778 0.124
49051.225023 -4.987 0.092
49053.335023 -4.854 0.128
49055.464051 -4.873 0.209
49059.226759 -4.969 0.045
49059.364062 -4.778 0.088
49060.209271 -4.881 0.053
49061.212512 -4.927 0.051
49061.393819 -5.046 0.078
49062.210440 -4.839 0.067
49064.309491 -4.869 0.048
49064.441875 -4.79 0.082
49065.281354 -4.944 0.044
49065.430405 -4.871 0.062
49067.204433 -4.951 0.066
49067.351377 -4.888 0.081
49068.266458 -4.93 0.039
49069.206516 -4.827 0.07
49069.361713 -4.938 0.04
49073.203194 -4.642 0.114
49073.251632 -4.914 0.088
49074.196262 -4.721 0.092
49074.339745 -4.787 0.118
49075.188310 -4.795 0.104
49075.448090 -4.883 0.184
49076.242361 -4.853 0.073
49076.387222 -4.784 0.111
49077.232465 -4.872 0.101
49078.442245 -4.951 0.158
49080.298634 -4.976 0.071
49082.309687 -4.301 0.513
49083.215868 -4.732 0.312
49083.354572 -4.231 0.859
49084.280440 -4.724 0.128
49085.258530 -4.803 0.115
49086.265081 -4.66 0.122
49087.383310 -4.848 0.1
49088.280162 -4.828 0.056
49089.281400 -4.711 0.05
49092.330544 -4.756 0.107
49093.223565 -4.75 0.098
49094.226528 -4.727 0.051
49095.225602 -4.757 0.125
49096.226632 -4.763 0.042
49096.333750 -4.74 0.06
49097.228866 -4.778 0.055
49097.356169 -4.757 0.086
49098.226632 -4.753 0.048
49098.328310 -4.641 0.077
49099.215880 -4.797 0.042
49099.317222 -4.612 0.07
49099.323322 -4.741 0.06
49100.213438 -4.563 0.077
49100.320995 -4.887 0.061
49101.228738 -4.68 0.06
49103.225185 -4.678 0.063
49104.379931 -4.696 0.091
49106.305926 -4.762 0.087
49107.243252 -4.627 0.088
49107.376262 -4.717 0.115
49108.227778 -4.629 0.081
49109.278333 -4.942 0.226
49111.288623 -4.489 0.316
49112.234387 -4.623 0.096
49114.218519 -4.651 0.105
49115.374687 -4.272 0.241
49117.226979 -4.554 0.111
49118.203102 -4.265 0.194
49120.209595 -4.65 0.109
49122.229838 -4.57 0.206
49123.209919 -4.646 0.094
49124.208958 -4.733 0.075
49125.204271 -4.631 0.073
49126.204977 -4.686 0.074
49127.213438 -4.694 0.071
49130.247743 -4.681 0.156
49132.331933 -4.709 0.234
49133.267049 -4.583 0.085
49134.211620 -4.597 0.079
49134.663275 -4.815 0.095
49135.192882 -4.637 0.076
49140.198843 -4.717 0.353
49140.621620 -4.547 0.259
49141.622037 -4.78 0.264
49142.605845 -5.208 0.356
49143.202905 -4.388 0.185
49143.606806 -4.654 0.325
49144.624734 -4.184 0.379
49145.193484 -4.833 0.594
49145.607303 -2.894 3.856
49146.192257 -4.747 0.157
49151.608009 -4.921 0.475
49152.191817 -4.746 0.084
49152.604005 -4.942 0.096
49153.200359 -4.691 0.091
49154.197581 -4.102 0.354
49155.230023 -4.792 0.283
49156.198750 -4.517 0.122
49161.190845 -2.308 9.641
49161.607766 -4.779 0.177
49162.232975 -4.526 0.174
49162.580833 -4.791 0.172
49163.195116 -4.61 0.103
49163.602130 -4.754 0.134
49163.615428 -4.73 0.11
49164.193785 -4.416 0.163
49164.588530 -4.536 0.186
49165.244491 -4.373 0.369
49165.565984 -4.886 0.172
49167.678912 -4.983 0.305
49169.193021 -5.078 0.408
49169.204699 -4.637 0.22
49169.604664 -4.651 0.156
49171.584884 -4.354 0.606
49172.190266 -4.648 0.186
49176.199873 -4.685 0.166
49178.587569 -4.699 0.121
49179.548056 -4.647 0.147
49180.197106 -4.623 0.153
49180.515961 -4.712 0.109
49181.506146 -4.849 0.206
49181.661898 -4.898 0.057
49182.601771 -4.863 0.123
49183.495266 -4.653 0.41
49183.656319 -4.725 0.156
49184.488773 -4.793 0.14
49185.500185 -4.768 0.111
49186.510347 -4.757 0.241
49186.600104 -4.816 0.15
49188.483866 -4.57 0.194
49189.492315 -4.73 0.136
49194.506377 -4.82 0.138
49194.670336 -4.843 0.098
49195.455972 -4.734 0.158
49196.490359 -4.45 0.252
49199.517847 -4.824 0.157
49201.453681 -3.6 2.781
49203.474479 -5.021 0.183
49203.668773 -4.783 0.121
49204.473090 -4.927 0.127
49208.461794 -4.698 0.229
49208.663611 -4.971 0.09
49209.440972 -4.901 0.189
49209.666782 -4.883 0.292
49210.459005 -4.741 0.145
49210.664479 -4.611 0.224
49211.490463 -4.873 0.092
49212.603762 -4.245 0.603
49214.593079 -5.426 0.379
49215.431887 -5.069 0.288
49215.650972 -4.611 0.184
49216.418785 -4.775 0.763
49216.657535 -4.606 0.173
49217.427801 -4.866 0.06
49218.417963 -4.906 0.099
49218.659664 -4.769 0.164
49219.434456 -4.5 0.353
49220.525185 -5.007 0.223
49220.648924 -4.324 0.305
49221.414838 -4.916 0.15
49222.399861 -4.799 0.087
49223.401736 -4.768 0.155
49224.387338 -4.623 0.241
49225.607593 -4.601 0.143
49233.381319 -4.83 0.398
49233.412257 -4.237 0.494
49252.368484 -4.914 0.071
49253.374977 -5.057 0.103
49254.430914 -4.967 0.062
49255.348565 -4.824 0.126
49255.614815 -4.823 0.083
49256.361285 -4.909 0.069
49256.608831 -4.95 0.064
49257.357060 -5.057 0.064
49257.611551 -4.91 0.045
49258.316123 -5.043 0.195
49258.536470 -4.851 0.09
49259.520359 -4.925 0.113
49260.341319 -5.216 0.101
49264.530856 -5.071 0.13
49265.316053 -5.068 0.117
49265.610845 -4.927 0.102
49266.396713 -4.863 0.073
49267.412257 -4.812 0.097
49267.606597 -4.969 0.102
49268.371898 -4.748 0.1
49268.599132 -4.892 0.058
49269.411806 -4.768 0.19
49270.374954 -5.179 0.132
49270.612002 -4.888 0.211
49272.406273 -4.869 0.063
49273.289282 -4.81 0.103
49273.599676 -4.877 0.059
49276.557940 -4.826 0.072
49277.446852 -4.983 0.057
49279.537894 -4.833 0.084
49280.495324 -4.944 0.109
49282.344294 -4.996 0.058
49283.271343 -4.998 0.072
49283.588044 -4.927 0.05
49285.468495 -4.999 0.23
49286.282083 -4.683 0.16
49287.361389 -4.846 0.122
49287.594653 -4.726 0.288
49289.366065 -4.757 0.149
49290.569097 -5.006 0.155
49291.256968 -5.019 0.121
49291.529572 -4.961 0.1
49302.360058 -4.835 0.058
49302.524537 -4.875 0.073
49303.214641 -4.77 0.089
49307.291134 -4.952 0.052
49309.253981 -4.93 0.053
49311.303021 -4.91 0.089
49311.513090 -4.687 0.102
49312.315012 -4.996 0.06
49312.508600 -4.867 0.052
49313.270556 -4.686 0.135
49313.509491 -4.84 0.065
49314.242569 -5.002 0.173
49315.268507 -4.947 0.074
49317.270243 -4.978 0.049
49317.511134 -4.884 0.068
49318.402569 -5.063 0.126
49318.523958 -4.857 0.131
49371.514201 -4.943 0.101
49372.256748 -5.042 0.048
49374.379387 -4.456 0.245
49374.409468 -4.799 0.137
49374.424398 -4.97 0.068
49375.265961 -5.118 0.078
49375.550532 -4.983 0.082
49376.287199 -5.064 0.063
49376.530208 -4.934 0.068
49377.539826 -4.937 0.113
49378.241701 -5.1 0.197
49378.537002 -5.195 0.161
49379.497731 -5.233 0.678
49380.243715 -5.024 0.083
49381.329525 -4.967 0.104
49382.543912 -4.799 0.3
49384.476840 -5.059 0.198
49386.266238 -5.031 0.076
49388.379086 -5.005 0.086
49389.509606 -4.941 0.073
49390.256655 -4.991 0.078
49390.556100 -5.013 0.132
49392.520521 -4.968 0.116
49396.363148 -4.978 0.091
49398.232836 -5.069 0.028
49399.237361 -5.096 0.071
49399.539329 -4.981 0.082
49400.256956 -5.156 0.078
49404.401181 -5.08 0.044
49405.327766 -5.133 0.05
49406.432488 -5.053 0.098
49408.450833 -5.035 0.192
49409.365417 -5.077 0.124
49411.460451 -4.211 0.899
49412.112350 -5.089 0.06
49413.230787 -5.099 0.032
49414.246736 -5.167 0.052
49415.230278 -5.157 0.041
49416.222951 -5.118 0.038
49417.228715 -5.081 0.064
49423.211713 -4.934 0.168
49424.221782 -5.041 0.081
49425.357882 -5.059 0.077
49426.216516 -5.089 0.046
49428.219711 -5.058 0.074
49428.480799 -5.037 0.128
49429.337905 -5.135 0.033
49432.217963 -5.049 0.068
49433.219965 -5.089 0.067
49434.301875 -5.027 0.062
49435.439051 -4.973 0.213
49436.288912 -5.177 0.084
49437.456065 -5.174 0.16
49438.326725 -5.217 0.084
49441.428808 -4.95 0.233
49444.382685 -5.081 0.155
49446.339815 -5.028 0.069
49447.407581 -5.13 0.053
49448.300833 -4.965 0.146
49449.327685 -5.134 0.07
49449.344329 -5.122 0.078
49450.315822 -5.056 0.055
49451.309074 -5.138 0.08
49451.322396 -5.137 0.049
49452.353067 -4.996 0.082
49455.287894 -4.996 0.143
49456.433009 -5.104 0.073
49457.290833 -5.095 0.042
49458.253206 -5.113 0.037
49460.286088 -5.089 0.06
49461.300255 -5.111 0.044
49462.274491 -5.121 0.067
49463.273935 -5.175 0.169
49463.328565 -5.096 0.059
49464.274375 -5.031 0.145
49464.287650 -5.032 0.133
49465.284595 -5.152 0.062
49467.327743 -4.845 0.232
49469.384838 -4.672 0.331
49470.390914 -4.937 0.205
49471.288067 -4.978 0.067
49472.338299 -4.896 0.09
49473.357187 -5.109 0.056
49477.267824 -5.067 0.033
49478.281088 -5.05 0.036
49479.214225 -5.078 0.042
49481.326343 -4.921 0.084
49483.299688 -4.983 0.066
49484.203727 -4.936 0.045
49485.270174 -4.981 0.06
49486.261991 -5.12 0.143
49487.295451 -4.943 0.067
49487.657442 -5.048 0.071
49488.281262 -4.986 0.076
49488.648333 -4.802 0.398
49489.244907 -4.988 0.08
49491.638252 -5.085 0.152
49492.288900 -5.051 0.175
49493.255729 -5.655 0.363
49493.632824 -5.171 0.347
49494.640451 -5.095 0.085
49496.246551 -4.788 0.288
49496.634977 -4.782 0.383
49500.238032 -4.0 1.32
49500.662118 -4.702 0.179
49505.290949 -4.985 0.078
49509.242558 -4.969 0.113
49511.603032 -5.119 0.177
49512.237396 -4.996 0.128
49512.597743 -5.185 0.13
49513.232963 -4.96 0.099
49513.642245 -4.95 0.069
49514.224502 -4.846 0.079
49516.235116 -4.856 0.104
49517.563102 -4.991 0.18
49518.222025 -5.351 0.315
49518.574329 -4.999 0.2
49518.584155 -4.793 0.404
49519.195359 -4.861 0.157
49519.233600 -4.731 0.175
49520.580926 -5.58 0.156
49521.659954 -4.955 0.11
49522.590336 -4.89 0.089
49525.245012 -4.77 0.269
49525.618044 -5.052 0.161
49526.207558 -5.009 0.241
49527.215023 -4.832 0.563
49530.221944 -4.931 0.144
49530.650521 -4.978 0.113
49531.571065 -4.907 0.106
49532.192106 -5.008 0.1
49532.643148 -4.845 0.101
49533.197697 -4.826 0.141
49534.198495 -5.028 0.275
49534.609757 -4.915 0.163
49535.210289 -4.923 0.155
49535.666181 -4.819 0.065
49536.199201 -4.692 0.228
49537.200174 -4.843 0.123
49537.653044 -5.319 0.223
49538.208611 -4.976 0.165
49538.613183 -4.777 0.168
49539.619271 -4.974 0.097
49540.202650 -5.1 0.149
49540.600035 -5.044 0.109
49542.210104 -4.977 0.055
49545.505961 -5.104 0.091
49546.504340 -4.991 0.143
49546.664780 -5.002 0.071
49547.199248 -4.914 0.116
49548.191667 -4.382 1.253
49549.181597 -4.813 0.201
49550.187488 -4.991 0.085
49550.642002 -4.961 0.108
49551.620637 -5.013 0.048
49552.179109 -4.848 0.24
49552.672813 -4.946 0.057
49553.463125 -4.946 0.255
49554.474803 -5.027 0.184
49554.670185 -4.92 0.09
49555.511400 -5.176 0.258
49555.650775 -5.165 0.167
49556.515694 -4.491 0.25
49556.652164 -5.025 0.1
49557.598368 -4.907 0.158
49558.548252 -5.26 0.204
49559.483356 -4.937 0.25
49559.660023 -4.996 0.067
49560.529965 -5.332 0.497
49560.669664 -5.375 0.333
49561.540579 -4.963 0.12
49562.571782 -5.046 0.071
49566.465613 -5.165 0.13
49566.651667 -4.993 0.058
49567.502662 -5.108 0.052
49567.658750 -5.002 0.059
49568.540208 -5.018 0.087
49568.655775 -4.944 0.141
49569.508345 -4.981 0.061
49569.658021 -4.992 0.062
49571.472593 -4.915 0.127
49571.659850 -4.735 0.196
49572.479294 -4.998 0.269
49572.492743 -4.964 0.172
49572.655312 -4.973 0.089
49573.470069 -5.176 0.085
49574.470880 -4.451 0.106
49574.506725 -4.995 0.034
49574.656053 -5.818 0.532
49577.450046 -4.878 0.126
49577.640810 -4.897 0.097
49578.462928 -5.061 0.071
49578.640104 -5.058 0.05
49579.471620 -5.051 0.058
49579.635313 -5.033 0.032
49580.427720 -5.117 0.068
49580.644201 -4.944 0.071
49581.586944 -4.944 0.086
49585.457824 -4.859 0.245
49585.651019 -4.938 0.268
49586.463229 -4.72 0.385
49586.641620 -4.971 0.254
49587.461227 -5.04 0.168
49588.497789 -4.944 0.1
49588.654178 -5.332 0.093
49589.427639 -4.943 0.074
49589.501157 -5.046 0.057
49590.435660 -4.962 0.059
49590.620000 -5.01 0.044
49591.458102 -5.087 0.067
49591.641875 -4.813 0.142
49592.427187 -5.004 0.12
49595.463808 -4.984 0.085
49595.642350 -5.019 0.092
49596.456875 -5.038 0.044
49596.636933 -5.015 0.032
49597.525046 -4.965 0.057
49597.629317 -5.03 0.029
49598.488704 -4.948 0.092
49598.624178 -5.017 0.058
49599.492442 -4.988 0.112
49601.566019 -5.026 0.101
49602.448519 -4.999 0.072
49604.465787 -4.976 0.047
49604.630417 -5.06 0.042
49605.454722 -5.035 0.055
49605.627824 -5.017 0.03
49606.458333 -4.987 0.053
49606.610521 -4.895 0.08
49607.334745 -4.823 0.315
49607.618125 -4.802 0.123
49608.459375 -4.751 0.171
49608.616632 -4.868 0.088
49609.485799 -4.931 0.116
49609.619236 -4.887 0.099
49610.439560 -5.181 0.15
49610.618704 -4.831 0.09
49611.445440 -4.789 0.446
49611.621991 -5.036 0.208
49612.442604 -5.096 0.188
49613.617975 -4.898 0.11
49614.445602 -5.787 0.402
49614.618947 -6.161 0.426
49616.469907 -4.798 0.122
49616.617940 -4.978 0.27
49617.424745 -4.903 0.217
49617.617789 -5.031 0.248
49618.422975 -5.031 0.126
49618.619919 -4.88 0.12
49619.421725 -5.323 0.402
49619.616574 -4.808 0.117
49620.455741 -5.053 0.05
49620.616505 -4.983 0.065
49621.566123 -5.029 0.12
49622.454387 -4.981 0.205
49623.453935 -5.056 0.108
49624.619896 -5.175 0.124
49625.435903 -4.955 0.058
49625.613553 -4.919 0.069
49627.442859 -4.957 0.092
49628.494780 -4.878 0.078
49629.496192 -5.042 0.109
49629.605856 -4.887 0.076
49630.418403 -4.926 0.049
49630.604537 -4.962 0.04
49633.364213 -5.003 0.068
49634.353623 -4.979 0.066
49634.591933 -4.898 0.059
49635.423981 -4.912 0.092
49635.607789 -4.485 0.223
49636.394769 -4.739 0.16
49638.451065 -4.936 0.077
49639.399329 -4.933 0.048
49639.606829 -4.909 0.07
49640.433588 -4.902 0.053
49640.596285 -4.914 0.044
49641.543287 -4.891 0.058
49642.343148 -4.581 0.139
49645.324005 -4.897 0.186
49647.533079 -4.925 0.078
49648.334387 -4.898 0.081
49648.589965 -5.0 0.038
49649.330694 -5.013 0.172
49649.586840 -4.879 0.036
49651.453623 -4.965 0.075
49653.393981 -4.916 0.082
49654.359919 -4.943 0.122
49660.436725 -4.84 0.067
49664.478218 -4.933 0.059
49665.517465 -4.907 0.034
49666.508194 -4.989 0.031
49667.531493 -4.825 0.102
49670.306794 -3.836 0.131
49670.511458 -4.893 0.111
49671.266678 -5.186 0.098
49672.243854 -4.808 0.109
49673.356007 -5.005 0.106
49673.481690 -4.87 0.085
49674.490833 -4.897 0.115
49676.306979 -5.07 0.082
49681.503090 -4.838 0.069
49681.521123 -4.987 0.059
49687.295926 -5.226 0.177
49688.308090 -4.973 0.063
49689.372025 -5.009 0.055
49690.299375 -4.961 0.032
49691.344016 -4.992 0.028
49695.347037 -5.004 0.076
49697.362593 -5.001 0.03
49699.478530 -4.951 0.226
49700.309792 -4.739 0.108
49702.322581 -5.057 0.092
49703.392674 -4.97 0.101
49704.317535 -4.895 0.139
49705.339502 -5.12 0.215
49705.381458 -5.125 0.09
49715.276400 -5.004 0.096
49717.429815 -5.028 0.039
49723.303125 -5.011 0.055
49727.280833 -5.028 0.065
49729.475058 -4.936 0.039
49730.329653 -4.99 0.06
49732.508889 -5.015 0.06
49737.520671 -4.776 0.15
49741.396933 -4.863 0.063
49745.440752 -4.842 0.063
49747.400382 -4.849 0.058
49748.331528 -4.872 0.087
49749.508194 -4.865 0.065
49751.309734 -4.963 0.037
49752.434282 -4.878 0.069
49752.438715 -4.857 0.068
49754.320255 -4.794 0.087
49755.426343 -4.896 0.032
49756.479190 -4.819 0.108
49759.362188 -4.911 0.056
49760.535625 -4.869 0.088
49762.349618 -4.861 0.094
49764.477836 -4.797 0.211
49767.386921 -4.777 0.136
49784.294896 -4.829 0.055
49786.473310 -4.861 0.116
49788.369051 -4.801 0.158
49790.274769 -4.697 0.092
49791.472581 -4.815 0.285
49795.273681 -5.126 0.064
49797.287639 -4.88 0.049
49799.260035 -4.987 0.038
49800.352014 -4.849 0.075
49801.293773 -4.928 0.063
49802.436806 -4.89 0.067
49804.255150 -4.931 0.083
49806.268449 -4.975 0.044
49808.265012 -4.918 0.047
49809.331019 -4.988 0.069
49809.367338 -4.952 0.05
49810.328356 -5.013 0.041
49819.314769 -4.718 0.154
49824.290324 -4.922 0.136
49826.328391 -4.999 0.083
49828.382072 -5.024 0.05
49831.292546 -4.959 0.08
49833.336343 -4.533 0.284
49835.324109 -5.027 0.041
49842.328206 -5.118 0.109
49851.351447 -4.597 0.351
49856.293715 -4.886 0.084
49858.287211 -5.018 0.073
49862.251817 -5.013 0.117
49864.260347 -5.164 0.122
49866.208947 -5.112 0.038
49868.303241 -4.863 0.092
49872.268044 -5.03 0.054
49874.236389 -5.086 0.225
49875.198843 -5.165 0.081
49879.237558 -5.072 0.425
49880.200972 -5.558 0.201
49880.211192 -4.533 0.75
49883.671562 -5.2 0.101
49885.215278 -5.074 0.096
49887.203692 -5.073 0.07
49889.193889 -4.907 0.127
49890.206632 -5.183 0.043
49891.201134 -5.162 0.037
49895.186968 -5.101 0.062
49901.667627 -5.137 0.039
49902.200764 -5.235 0.117
49905.641829 -5.154 0.057
49907.633657 -5.107 0.078
49912.645428 -5.518 0.152
49916.661736 -5.097 0.114
49917.610382 -5.122 0.088
49927.471157 -5.217 0.101
49929.560000 -4.995 0.1
49931.629039 -5.179 0.088
49933.468576 -5.126 0.051
49935.583218 -5.126 0.093
49936.571076 -5.174 0.079
49937.586053 -4.805 0.223
49938.456979 -5.121 0.226
49939.483796 -5.029 0.129
49940.621991 -5.123 0.084
49941.465301 -5.27 0.09
49942.537986 -5.185 0.045
49943.530891 -5.211 0.057
49944.553102 -5.225 0.07
49945.536076 -5.224 0.199
49946.622500 -5.015 0.1
49948.572234 -5.037 0.115
49949.429433 -5.137 0.063
49951.449595 -5.26 0.112
49952.529676 -5.08 0.044
49953.446400 -5.187 0.065
49954.534132 -5.042 0.131
49955.621678 -5.094 0.117
49957.399525 -5.239 0.051
49958.651366 -5.178 0.176
49961.412928 -5.097 0.068
49965.458472 -4.887 0.351
49966.511157 -5.123 0.067
49967.406146 -5.157 0.126
49969.372153 -5.245 0.134
49970.369016 -4.962 0.145
49971.638762 -5.14 0.068
49972.382523 -5.022 0.079
49974.585220 -5.181 0.046
49980.410174 -5.13 0.104
49982.345081 -5.064 0.079
49986.396597 -5.146 0.056
49987.355741 -4.841 0.048
49994.384502 -5.056 0.076
49994.591169 -5.107 0.059
49995.560822 -5.1 0.078
49996.418924 -5.129 0.075
49997.475694 -5.063 0.339
49998.499271 -5.217 0.062
50003.433958 -5.024 0.108
50005.414317 -5.023 0.04
50006.400417 -5.155 0.041
50007.482419 -5.069 0.075
50013.367569 -4.896 0.073
50019.431563 -5.051 0.06
50022.459444 -5.06 0.1
50029.303681 -5.11 0.173
50031.341771 -5.204 0.179
50033.305185 -5.098 0.053
50038.379792 -5.055 0.037
50038.497442 -5.072 0.046
50045.364687 -5.003 0.052
50046.350023 -4.937 0.091
50047.425162 -5.037 0.087
50048.404525 -5.03 0.063
50054.307326 -5.042 0.088
50057.329583 -4.94 0.188
50058.341435 -4.972 0.078
50061.340069 -4.72 0.099
50063.310532 -4.929 0.074
50066.343727 -4.976 0.034
50071.280058 -4.938 0.033
50072.342384 -4.765 0.089
50074.310822 -4.866 0.062
50077.381400 -4.919 0.032
50078.515613 -4.705 0.11
50083.485405 -4.885 0.033
50086.480208 -4.71 0.074
50088.326250 -4.855 0.052
50089.320174 -4.848 0.076
50091.352442 -4.943 0.29
50091.397766 -4.733 0.061
50093.512593 -4.745 0.069
50095.346123 -4.724 0.056
50099.458773 -4.694 0.14
50105.323831 -4.729 0.101
50107.329479 -4.757 0.027
50108.356007 -4.725 0.045
50109.362998 -4.731 0.043
50123.307986 -4.838 0.059
50125.517789 -4.891 0.197
50126.339803 -4.801 0.051
50127.343715 -4.685 0.064
50128.352269 -4.784 0.062
50131.314109 -4.873 0.042
50132.249456 -4.87 0.058
50134.240949 -4.902 0.077
50135.300590 -4.764 0.177
50138.397245 -4.799 0.069
50141.267280 -4.805 0.061
50143.336204 -4.784 0.078
50145.292014 -4.752 0.132
50151.274560 -4.861 0.054
50153.498495 -5.038 0.154
50155.336852 -4.846 0.06
50157.245428 -4.877 0.062
50159.314051 -4.634 0.101
50160.455382 -4.892 0.074
50161.319803 -4.844 0.06
50163.446620 -5.046 0.28
50163.467535 -4.778 0.148
50168.422315 -4.685 0.091
50172.299282 -4.268 0.59
50173.382072 -4.767 0.124
50174.279016 -5.17 0.125
50178.244861 -4.865 0.117
50179.288715 -4.953 0.111
50181.312083 -4.715 0.084
50185.270475 -4.849 0.064
50188.239896 -5.294 0.451
50188.266053 -4.824 0.11
50192.244792 -4.848 0.046
50193.349062 -4.834 0.058
50196.300278 -4.912 0.117
50197.358611 -4.47 0.188
50198.390197 -4.242 0.23
50200.270116 -4.852 0.118
50201.280880 -4.852 0.065
50202.254954 -4.748 0.126
50206.249109 -4.79 0.129
50210.318542 -4.757 0.188
50212.231898 -4.817 0.054
50216.245035 -4.665 0.104
50218.199711 -4.86 0.04
50219.236481 -4.836 0.061
50220.289259 -4.841 0.063
50223.291979 -4.826 0.094
50224.235451 -4.889 0.079
50227.203125 -4.872 0.066
50228.302199 -4.869 0.063
50230.277940 -4.831 0.241
50232.201725 -4.883 0.053
50234.212326 -4.901 0.086
50236.199213 -4.863 0.088
50238.242813 -5.103 0.375
50239.614225 -4.668 0.284
50241.260579 -4.462 0.256
50243.202442 -4.76 0.062
50245.194595 -4.691 0.079
50247.207963 -4.78 0.073
50254.197720 -4.657 0.084
50255.191829 -4.826 0.065
50258.225255 -4.48 0.182
50263.606863 -4.449 0.161
50266.193657 -4.481 0.676
50267.202454 -4.77 0.06
50271.583623 -4.652 0.169
50271.673738 -4.856 0.089
50276.586620 -4.697 0.088
50276.630868 -3.607 1.187
50278.531366 -4.77 0.101
50296.587257 -4.537 0.246
50297.571493 -4.663 0.18
50300.485880 -4.374 0.443
50301.640856 -4.625 0.123
50302.494236 -4.888 0.11
50303.644375 -4.607 0.127
50304.540035 -4.639 0.097
50305.650058 -4.733 0.108
50307.474398 -4.779 0.109
50308.553322 -4.548 0.154
50310.596296 -4.603 0.084
50311.551829 -4.71 0.138
50315.522326 -4.768 0.056
50319.613287 -4.689 0.064
50320.650660 -4.85 0.134
50322.451262 -4.261 0.432
50327.576736 -4.826 0.207
50329.582963 -4.764 0.095
50333.468056 -4.834 0.119
50333.502755 -2.895 2.244
50335.508542 -4.729 0.07
50341.470532 -4.833 0.109
50341.510822 -4.587 0.101
50346.553021 -4.847 0.129
50348.359016 -5.133 0.262
50349.473646 -4.723 0.084
50350.439861 -4.735 0.121
50352.399074 -4.957 0.26
50353.335069 -4.781 0.136
50359.408993 -4.809 0.046
50360.436030 -4.876 0.042
50364.327083 -4.71 0.136
50364.587326 -4.83 0.082
50366.428958 -4.676 0.069
50368.368183 -4.509 0.208
50369.388970 -4.776 0.037
50370.372407 -4.627 0.072
50371.355532 -4.67 0.064
50374.373229 -4.598 0.078
50376.353032 -4.441 0.196
50376.594803 -4.582 0.123
50377.381829 -4.741 0.063
50379.399294 -4.809 0.067
50380.354086 -4.606 0.205
50384.385729 -4.585 0.121
50385.436146 -4.792 0.091
50385.440567 -4.816 0.085
50389.284641 -4.471 0.078
50394.528287 -4.592 0.079
50395.369919 -4.681 0.057
50396.480567 -4.588 0.066
50397.426898 -4.632 0.12
50399.438160 -4.684 0.101
50401.424722 -4.679 0.081
50405.291933 -4.534 0.082
50406.291273 -4.575 0.066
50406.524664 -4.575 0.066
50407.324433 -4.625 0.12
50409.296065 -4.482 0.151
50410.372743 -4.625 0.132
50411.374387 -4.672 0.077
50416.480475 -4.519 0.131
50417.500150 -4.503 0.13
50419.286921 -4.594 0.101
50419.342755 -4.493 0.086
50420.339109 -4.44 0.084
50422.451030 -4.59 0.056
50424.297419 -4.46 0.109
50425.490440 -4.642 0.056
50426.336042 -4.555 0.051
50428.412616 -4.516 0.079
50429.480602 -4.52 0.12
50431.318646 -4.65 0.069
50432.347211 -4.622 0.088
50433.359468 -4.917 0.107
50435.366921 -4.805 0.048
50436.396134 -4.633 0.106
50437.320799 -4.684 0.11
50438.360868 -4.632 0.145
50439.497558 -4.684 0.14
50440.480891 -4.82 0.115
50445.365509 -4.775 0.069
50448.336030 -4.77 0.06
50450.458762 -4.815 0.039
50451.391343 -4.684 0.047
50452.340521 -4.723 0.047
50453.373067 -4.771 0.079
50455.452361 -4.704 0.066
50456.500046 -4.66 0.084
50461.299549 -4.821 0.04
50461.535833 -4.854 0.075
50462.302488 -4.569 0.171
50463.472153 -4.762 0.06
50465.305139 -4.824 0.062
50467.323681 -4.742 0.093
50468.344491 -4.775 0.141
50469.408970 -4.705 0.108
50470.411042 -4.944 0.088
50478.498310 -4.797 0.07
50479.433819 -4.779 0.062
50484.352130 -4.853 0.036
50494.329028 -4.743 0.066
50496.514259 -4.974 0.291
50498.539155 -4.632 0.099
50507.490069 -4.932 0.095
50518.410347 -4.882 0.053
50521.387917 -4.728 0.08
50526.330162 -4.982 0.117
50530.255451 -4.814 0.107
50533.408461 -4.665 0.128
50539.275775 -4.845 0.051
50542.316042 -4.799 0.135
50545.430532 -3.896 1.131
50550.380035 -4.742 0.055
50553.321644 -4.675 0.09
50557.408414 -4.565 0.2
50565.345486 -4.635 0.081
50569.384248 -4.681 0.093
50577.265220 -5.016 0.129
50581.266956 -4.817 0.059
50595.265914 -4.916 0.077
50601.268542 -4.662 0.09
50607.641435 -4.832 0.069
50614.629676 -4.93 0.119
50620.210775 -4.926 0.177
50633.206493 -4.747 1.494
50639.547373 -4.984 0.087
50642.505359 -4.75 0.11
50647.565370 -5.011 0.103
50650.479850 -5.206 0.817
50656.612465 -4.932 0.095
50659.485463 -5.004 0.055
50661.623356 -5.025 0.112
50669.503750 -5.011 0.048
50670.656597 -4.972 0.131
50675.471111 -4.939 0.567
50679.422627 -4.841 0.167
50680.600741 -4.93 0.053
50682.453773 -5.046 0.131
50684.616181 -4.751 0.278
50689.564086 -4.894 0.053
50701.557454 -4.984 0.037
50704.541470 -4.98 0.053
50714.465521 -4.888 0.065
50717.550937 -4.859 0.047
50719.490475 -4.925 0.069
50721.385764 -4.927 0.047
50722.513032 -4.894 0.096
50725.332940 -4.99 0.094
50730.411238 -4.977 0.05
50731.536539 -4.87 0.134
50733.405359 -4.765 0.141
50734.501377 -5.24 0.1
50736.366435 -5.119 0.303
50737.431053 -4.757 0.252
50739.340683 -4.933 0.192
50742.305613 -4.89 0.087
50744.511667 -4.894 0.072
50746.385914 -4.813 0.062
50748.359039 -4.762 0.117
50767.318912 -4.952 0.059
50769.392164 -4.774 0.081
50771.453843 -4.834 0.055
50785.319896 -4.72 0.082
50796.309884 -5.018 0.055
50797.504873 -4.937 0.06
50803.477662 -4.893 0.078
50808.316435 -5.01 0.099
50812.365208 -5.071 0.042
50818.524225 -4.951 0.054
50830.423889 -5.024 0.083
50834.465984 -5.002 0.043
50836.520093 -4.921 0.195
50841.308993 -5.052 0.024
50844.391319 -5.066 0.028
50848.471030 -4.938 0.063
50857.276134 -4.908 0.11
50861.275729 -5.161 0.027
50862.497905 -5.06 0.057
50864.528194 -5.0 0.09
50866.442153 -4.801 0.17
50869.264606 -5.037 0.061
50874.390394 -5.02 0.056
50879.263310 -5.145 0.054
50881.333692 -5.151 0.051
50884.401551 -5.257 0.11
50908.335185 -5.026 0.046
50916.398079 -5.112 0.353
50921.386609 -4.664 0.149
50941.192546 -4.999 0.095
50951.300787 -4.946 0.111
50982.182905 -4.919 0.064
50994.631030 -4.994 0.087
51000.587037 -4.97 0.054
51005.552847 -5.002 0.149
51017.536748 -5.081 0.085
51028.466447 -5.181 0.104
51033.648148 -5.031 0.083
51047.619815 -5.14 0.051
51056.406933 -5.183 0.081
51061.467326 -5.153 0.135
51072.414873 -5.133 0.09
51073.585567 -5.165 0.053
51082.594711 -5.266 0.034
51085.362014 -5.063 0.174
51086.581412 -4.995 0.165
51089.466771 -5.23 0.128
51097.459722 -5.372 0.266
51099.576968 -4.934 0.246
51102.371123 -5.123 0.073
51106.435984 -5.17 0.077
51109.472373 -5.214 0.036
51111.437500 -5.173 0.696
51111.477662 -5.181 0.154
51113.547731 -5.061 0.113
51118.432083 -4.898 0.12
51120.481030 -5.294 0.059
51136.526806 -5.152 0.059
51141.342674 -5.119 0.054
51147.454086 -5.239 0.041
51156.269641 -5.253 0.056
51167.436169 -5.258 0.047
51171.398866 -5.306 0.023
51176.376528 -5.248 0.067
51180.460220 -5.274 0.058
51188.242870 -5.216 0.072
51193.486921 -5.227 0.117
51204.533507 -5.11 0.089
51214.418900 -5.234 0.094
51223.508692 -5.18 0.048
51227.485104 -5.169 0.072
51237.249479 -5.342 0.038
51241.367650 -5.081 0.116
51246.421493 -5.202 0.037
51249.414722 -5.255 0.035
51262.217303 -5.194 0.045
51277.413403 -5.091 0.066
51279.417199 -5.168 0.044
51285.374456 -5.147 0.047
51286.381644 -5.165 0.06
51289.287627 -5.261 0.152
51292.278449 -5.223 0.054
51299.291690 -5.238 0.095
51302.279005 -5.167 0.049
51305.270359 -5.235 0.062
51308.256562 -5.116 0.049
51313.217130 -5.418 0.27
51317.261944 -5.036 0.053
51326.222442 -5.103 0.071
51339.212731 -5.073 0.107
51350.669850 -5.045 0.081
51364.193183 -5.047 0.193
51382.605521 -5.069 0.05
51389.617257 -4.92 0.161
51393.557442 -5.184 0.095
51401.545359 -5.144 0.052
51405.657141 -5.128 0.064
51408.601852 -5.07 0.061
51411.592847 -5.152 0.09
51414.526968 -5.126 0.055
51421.462396 -5.251 0.049
51424.478356 -5.098 0.067
51431.467130 -4.991 0.113
51433.593194 -5.131 0.054
51435.568542 -5.178 0.042
51440.429317 -5.146 0.064
51443.546042 -5.06 0.079
51450.408218 -5.269 0.129
51462.365278 -5.31 0.176
51463.537118 -5.3 0.051
51468.473854 -5.251 0.041
51471.379803 -5.239 0.046
51472.524039 -5.239 0.068
51478.357870 -5.244 0.057
51479.490509 -5.228 0.041
51484.263657 -5.321 0.052
51488.448588 -5.281 0.031
51491.480567 -5.276 0.054
51493.515324 -5.32 0.027
51495.492697 -5.263 0.052
51505.470833 -5.35 0.054
51510.444271 -5.366 0.028
51513.293056 -5.168 0.041
51514.451319 -5.236 0.051
51531.401331 -5.249 0.072
51541.344537 -5.305 0.037
51546.325197 -5.289 0.045
